Start
1024 1088 0

Cannons
33
2 1280 768 0 0 0 4
2 1280 512 0 0 0 4
2 640 512 0 0 0 4
1 640 1024 0 1 768 1024 2
1 1152 1216 -90 0 1152 1344 2
0 704 896 180
0 512 512 45
0 768 896 180
0 704 1344 0
0 896 512 45
1 1024 896 180 0 1216 896 2
0 640 704 0
0 768 512 90
0 1216 1088 0
0 1088 1088 0
2 640 256 0 0 0 4
2 1280 256 0 0 0 4
0 640 128 90
0 640 384 45
0 1600 384 90
0 1984 384 -90
2 512 384 0 0 0 4
1 1024 384 90 0 1024 256 3
0 512 128 90
0 512 256 45
2 768 384 0 0 0 4
0 768 256 90
0 768 128 135
2 1408 384 0 0 0 4
0 384 256 45
0 384 384 0
0 384 512 45
0 896 256 135

Spikes
20
1408 640
1152 704
1280 832
1152 512
1152 768
1408 832
1408 576
1344 832
1280 384
1408 512
1408 768
1152 576
1152 832
1408 448
1152 640
1408 704
1152 384
1152 448
1152 320
1216 832

Exit
1728 384 0 1

Key
1856 384 

Live
1280 640 