Start
1536 1408 0

Cannons
22
2 1792 1408 0 0 0 4
2 1792 1920 0 0 0 -6
2 1536 1792 0 0 0 -6
1 1280 832 90 0 1280 576 2
1 1280 1152 0 1 1536 1152 2
2 1920 1536 0 0 0 4
0 960 1024 -180
0 1536 1536 180
2 1792 1664 0 0 0 -4
2 1664 1920 0 0 0 -6
2 1920 1792 0 0 0 6
0 960 1408 90
1 1536 1152 180 1 1792 1152 2
0 1536 576 90
0 1536 832 90
0 2048 1408 -45
0 2048 1024 -90
2 2048 896 0 0 0 6
0 2112 576 0
0 2112 192 -90
0 1280 192 180
1 1728 960 90 1 1728 832 2

Spikes
45
1536 640
1408 1792
1664 1664
1536 768
1792 832
1792 1792
1536 1920
1536 704
1664 704 1920 448 2
1664 1408
1920 1408
1408 1664
1664 1792
1920 1920
1664 1280
1920 704 1664 448 2
1792 1536
1792 2048
2048 1536
1536 2048
2048 1792
2112 832
1984 960
1536 1088
1920 1664
1664 1536
1408 1920
1728 1088
2048 1152
2048 832
2048 1664
1664 448 1920 704 2
1664 320 1920 64 2
1920 448 1664 704 2
1920 320 1664 64 2
1984 832
1920 64 1664 320 2
1664 64 1920 320 2
2112 896
2112 960
1664 2048
1920 2048
2048 1088
2048 1216
2048 1280

Exit
1536 1024 0 1

Key
1536 1664 

Live
1792 576 