Start
2880 192 180

Cannons
42
1 1728 1152 0 0 1536 1152 3
1 2752 320 -180 1 3008 320 2
1 2752 640 180 0 3008 640 2
2 2240 832 0 0 0 -6
2 2240 576 0 0 0 -6
2 2752 1280 0 0 0 -4
2 3008 768 0 0 0 -6
1 3008 512 180 0 2752 512 2
0 2240 960 0
0 2752 1024 180
1 2048 1472 270 0 2048 1728 3
1 2112 1856 90 0 2112 1280 3
2 2496 1280 0 0 0 -4
2 2368 704 0 0 0 6
2 2368 1408 0 0 0 -4
2 2624 1152 0 0 0 -4
2 2624 704 0 0 0 -6
2 2624 1408 0 0 0 -4
0 1536 256 180
2 2240 1280 0 0 0 -4
2 2368 1152 0 0 0 -4
2 1984 1088 0 0 0 6
0 1728 1728 0
2 1728 1472 0 0 0 -6
1 1536 1280 0 0 1728 1280 3
0 1280 576 180
1 1536 1024 0 0 1728 1024 3
2 1536 768 0 0 0 6
0 1984 832 180
2 1984 576 0 0 0 -6
1 1728 768 270 0 1728 576 3
1 1728 896 0 0 1536 896 3
2 1536 576 0 0 0 -6
0 1280 1856 90
2 2496 1024 0 0 0 6
2 2496 576 0 0 0 -6
2 2496 832 0 0 0 6
2 2112 704 0 0 0 -6
2 2112 448 0 0 0 -6
2 1856 704 0 0 0 6
0 2112 192 180
2 2112 1088 0 0 0 6

Spikes
149
1600 1216
1600 1728
1792 640
2752 448
1792 896
1792 448
2240 1152
2496 1408
2752 1536
1792 128
2240 1408
1792 384
2304 1024
2816 576
2304 1536
2368 1280
2880 576
3008 576
3008 832
1792 704
1792 576
1664 1088
1600 1600
1472 704
1472 960
1600 1088
1984 1152
1792 1024
1920 448
1472 768
2880 448
1600 1472
2816 448
2944 448
2944 576
2240 1536
2752 704
2816 704
2368 1536
2880 704
2432 1536
2944 704
2880 768
3072 704
3072 640
2560 1536
3072 832
3072 576
3072 768
2048 1280
3072 512
3072 448
2688 576
2688 448
2688 640
2176 1536
2688 704
2688 1536
2688 512
2624 1280
2112 832
2624 1536
2496 1536
2816 1536
2496 1152
1536 1472
1728 1344
1472 1216
1792 1472
1792 1408
1792 1344
1664 960
1536 1216
1664 1216
1792 1536
2112 1152
1728 1088
1536 960
1600 960
1728 832
1664 832
1600 832
1472 832
1984 704
1472 896
1472 1024
1472 1088
1472 1152
1472 1280
1472 1344
1472 1408
1472 1472
2240 448
1792 832
1792 960
1792 1088
1792 1152
1792 1216
1792 1280
1536 704
2624 448
1600 704
1472 640
1792 768
1792 512
1792 320
1600 1536
1856 1152
1920 1152
2048 1152
2176 1152
2368 1024
2496 704
2624 576
2688 384
2688 320
2688 256
2688 192
2688 128
2688 768
2688 832
2688 896
2688 960
2688 1024
2240 1088
1856 960 2112 960 4
2624 1024
2112 960 1856 960 4
2368 832
2368 896
2368 960
2240 704
2112 576
2368 576
1984 448
1856 448
1792 256
1792 192
1792 0
1792 64
2688 64
2688 0
2368 448
2496 448
2304 448
2432 448
2560 448
1600 1664
1792 1600

Exit
2112 320 0 1

Key
1536 384 

Live
1984 960 