Start
1216 1344 180

Cannons
23
2 1216 1792 0 0 0 -6
2 1216 1536 0 0 0 3
2 1472 1216 0 0 0 3
2 1344 1664 0 0 0 6
2 1472 1088 0 0 0 3
2 1088 1664 0 0 0 6
0 1536 1664 90
0 640 1792 -45
0 1152 1088 90
0 1024 1088 180
1 1216 1984 0 0 640 1984 2
0 1472 1344 180
0 1920 1664 90
2 1024 1344 0 0 0 6
0 1472 896 -90
0 1472 1536 -135
0 2304 1664 0
0 2304 1216 -90
0 1920 1216 -90
0 1024 896 135
0 640 1408 -45
0 448 1600 45
1 448 1216 90 0 448 960 3

Spikes
56
1344 1472
1216 768 1216 1024 1
1088 1088 1088 768 2
1344 1216
1088 1536
1344 1536
1728 1472 1728 1728 1
1344 1408
1728 1600 1728 1856 1
1088 1792
1536 1344 1728 1216 2
960 1408
576 1024
1344 1280
1344 1792
1088 1408
960 1664
640 1472 320 1472 2
1344 1344
1728 1664 1728 1920 1
1728 1408 1728 1664 1
1216 1664
960 1216
1536 1024 1728 1216 2
960 1536
576 960
704 1280 384 1280 2
1152 1152
960 1792
960 1280
576 1152
2112 1664 2112 2112 2
2112 1152 2112 704 2
2112 1600 2112 2048 2
2112 1536 2112 1984 2
2112 1344 2112 1792 2
2112 1280 2112 1728 2
2112 1216 2112 1664 2
1280 1024 1280 768 1
576 1216
384 1280 704 1280 2
320 1664 640 1664 2
896 1344
960 1472
960 1600
960 1728
832 1344
768 1344
960 1152
1856 1344 1856 1088 2
1856 1088 1856 1344 2
1344 1152
1088 1152
1216 1152
1280 1152
1024 1408

Exit
1216 1088 0 1

Key
960 1088 

Live
1152 896 