Start
320 1280 90

Cannons
51
2 448 1280 0 0 0 6
1 1920 1024 -90 1 1920 768 3
0 832 832 135
2 576 1408 0 0 0 6
2 832 1664 0 0 0 6
2 960 1792 0 0 0 6
1 1408 768 90 1 1408 1024 3
2 704 1536 0 0 0 6
0 1216 1344 -90
2 1344 1920 0 0 0 6
2 1216 1920 0 0 0 6
0 1088 1920 90
2 1472 1920 0 0 0 6
2 1984 1664 0 0 0 6
2 1216 1216 0 0 0 5
2 1600 1920 0 0 0 6
0 1856 1792 45
2 1728 1920 0 0 0 6
2 2112 1536 0 0 0 6
2 2240 1408 0 0 0 6
2 2368 1280 0 0 0 6
0 2368 1152 0
1 2496 896 0 1 2240 896 2
1 2496 640 0 1 2240 640 2
1 1664 256 -90 1 1664 448 2
1 1152 448 -90 1 1152 192 2
1 2240 1024 0 1 2496 1024 2
1 2240 768 0 1 2496 768 2
2 2240 512 0 0 0 -6
1 1536 448 -90 1 1536 256 2
1 1024 192 -90 1 1024 448 2
0 2112 384 -90
1 1920 256 -90 1 1920 448 2
0 1408 320 -90
0 704 448 -180
1 1280 192 -90 1 1280 448 2
1 1792 448 -90 1 1792 256 2
0 1216 768 90
0 1216 1024 0
0 1088 1088 135
0 832 320 -135
0 704 576 -180
0 960 960 135
0 1664 768 0
0 704 704 135
0 1792 1024 180
1 1536 1152 0 1 1792 1152 3
1 704 1344 90 0 704 960 2
0 1792 896 90
1 1792 640 180 1 1536 640 3
0 1536 768 -90

Spikes
86
960 1536 960 1152 2
640 1344
1152 1152 768 1536 2
1600 1024
1600 512
1088 1792
1728 832
1472 1792
1344 1280
1600 832
1344 1792
1216 1792
1344 1024
1088 1664
1344 1088
1216 448
2240 832
1344 1216
640 1216
960 1152 960 1536 2
896 1536
1792 512
1600 448
2240 704
2240 960
1728 256
1600 1792
2496 704
2496 960
1728 1792
960 1664
832 1536
704 1408
2496 832
1856 256
1856 448
1728 448
1600 256
576 512 832 512 1
832 640 576 640 1
1152 1536 768 1152 2
640 832 832 704 1
768 1152 1152 1536 2
1792 768
768 1536 1152 1152 2
1536 1024
640 1280
1536 832
640 1152
1536 960
1792 832
1792 960
1728 1024
1216 192
1088 448
1088 192
1856 1664
1984 1536
2112 1408
2240 1280
1344 1152
1344 1344
1344 1408
2240 1152
2048 576
2048 640
2048 704
2048 768
2048 832
2048 896
2048 960
2048 1024
2048 1088
2048 1152
2112 1280
1984 1408
1856 1536
768 1024 1024 768 2
1472 512
1536 512
1664 512
1728 512
1856 512
1920 512
1984 512
2048 512

Exit
1664 896 0 1

Key
1664 832 

Live
960 1344 